3333000 
3331500 
3330000 
3328500 
3327000 
3325500 
3324000 
3322500 
3321000 
3319500 
3318000 
3316500 
3315000 
3313500 
3312000 
3310500 
3309000 
3307500 
3306000 
3304500 
3303000 
3301500 
3300000 
3298500 
3297000 
3295500 
3294000 
3292500 
3291000 
3289500 
3288000 
3286500 
3285000 
3283500 
3282000 
3280500 
3279000 
3277500 
3276000 
3274500 
3273000 
3271500 
3270000 
3268500 
3267000 
3265500 
3264000 
3262500 
3261000 
3259500 
3258000 
3256500 
3255000 
3253500 
3252000 
3250500 
3249000 
3247500 
3246000 
3244500 
3243000 
3241500 
3240000 
3238500 
3237000 
3235500 
3234000 
3232500 
3231000 
3229500 
3228000 
3226500 
3225000 
3223500 
3222000 
3220500 
3219000 
3217500 
3216000 
3214500 
3213000 
3211500 
3210000 
3208500 
3207000 
3205500 
3204000 
3202500 
3201000 
3199500 
3198000 
3196500 
3195000 
3193500 
3192000 
3190500 
3189000 
3187500 
3186000 
3184500 
3183000 
3181500 
3180000 
3178500 
3177000 
3175500 
3174000 
3172500 
3171000 
3169500 
3168000 
3166500 
3165000 
3163500 
3162000 
3160500 
3159000 
3157500 
3156000 
3154500 
3153000 
3151500 
3150000 
3148500 
3147000 
3145500 
3144000 
3142500 
3141000 
3139500 
3138000 
3136500 
3135000 
3133500 
3132000 
3130500 
3129000 
3127500 
3126000 
3124500 
3123000 
3121500 
3120000 
3118500 
3117000 
3115500 
3114000 
3112500 
3111000 
3109500 
3108000 
3106500 
3105000 
3103500 
3102000 
3100500 
3099000 
3097500 
3096000 
3094500 
3093000 
3091500 
3090000 
3088500 
3087000 
3085500 
3084000 
3082500 
3081000 
3079500 
3078000 
3076500 
3075000 
3073500 
3072000 
3070500 
3069000 
3067500 
3066000 
3064500 
3063000 
3061500 
3060000 
3058500 
3057000 
3055500 
3054000 
3052500 
3051000 
3049500 
3048000 
3046500 
3045000 
3043500 
3042000 
3040500 
3039000 
3037500 
3036000 
3034500 
3033000 
3031500 
3030000 
3028500 
3027000 
3025500 
3024000 
3022500 
3021000 
3019500 
3018000 
3016500 
3015000 
3013500 
3012000 
3010500 
3009000 
3007500 
3006000 
3004500 
3003000 
3001500 
3000000 
2998500 
2997000 
2995500 
2994000 
2992500 
2991000 
2989500 
2988000 
2986500 
2985000 
2983500 
2982000 
2980500 
2979000 
2977500 
2976000 
2974500 
2973000 
2971500 
2970000 
2968500 
2967000 
2965500 
2964000 
2962500 
2961000 
2959500 
2958000 
2956500 
2955000 
2953500 
2952000 
2950500 
2949000 
2947500 
2946000 
2944500 
2943000 
2941500 
2940000 
2938500 
2937000 
2935500 
2934000 
2932500 
2931000 
2929500 
2928000 
2926500 
2925000 
2923500 
2922000 
2920500 
2919000 
2917500 
2916000 
2914500 
2913000 
2911500 
2910000 
2908500 
2907000 
2905500 
2904000 
2902500 
2901000 
2899500 
2898000 
2896500 
2895000 
2893500 
2892000 
2890500 
2889000 
2887500 
2886000 
2884500 
2883000 
2881500 
2880000 
2878500 
2877000 
2875500 
2874000 
2872500 
2871000 
2869500 
2868000 
2866500 
2865000 
2863500 
2862000 
2860500 
2859000 
2857500 
2856000 
2854500 
2853000 
2851500 
2850000 
2848500 
2847000 
2845500 
2844000 
2842500 
2841000 
2839500 
2838000 
2836500 
2835000 
2833500 
2832000 
2830500 
2829000 
2827500 
2826000 
2824500 
2823000 
2821500 
2820000 
2818500 
2817000 
2815500 
2814000 
2812500 
2811000 
2809500 
2808000 
2806500 
2805000 
2803500 
2802000 
2800500 
2799000 
2797500 
2796000 
2794500 
2793000 
2791500 
2790000 
2788500 
2787000 
2785500 
2784000 
2782500 
2781000 
2779500 
2778000 
2776500 
2775000 
2773500 
2772000 
2770500 
2769000 
2767500 
2766000 
2764500 
2763000 
2761500 
2760000 
2758500 
2757000 
2755500 
2754000 
2752500 
2751000 
2749500 
2748000 
2746500 
2745000 
2743500 
2742000 
2740500 
2739000 
2737500 
2736000 
2734500 
2733000 
2731500 
2730000 
2728500 
2727000 
2725500 
2724000 
2722500 
2721000 
2719500 
2718000 
2716500 
2715000 
2713500 
2712000 
2710500 
2709000 
2707500 
2706000 
2704500 
2703000 
2701500 
2700000 
2698500 
2697000 
2695500 
2694000 
2692500 
2691000 
2689500 
2688000 
2686500 
2685000 
2683500 
2682000 
2680500 
2679000 
2677500 
2676000 
2674500 
2673000 
2671500 
2670000 
2668500 
2667000 
2665500 
2664000 
2662500 
2661000 
2659500 
2658000 
2656500 
2655000 
2653500 
2652000 
2650500 
2649000 
2647500 
2646000 
2644500 
2643000 
2641500 
2640000 
2638500 
2637000 
2635500 
2634000 
2632500 
2631000 
2629500 
2628000 
2626500 
2625000 
2623500 
2622000 
2620500 
2619000 
2617500 
2616000 
2614500 
2613000 
2611500 
2610000 
2608500 
2607000 
2605500 
2604000 
2602500 
2601000 
2599500 
2598000 
2596500 
2595000 
2593500 
2592000 
2590500 
2589000 
2587500 
2586000 
2584500 
2583000 
2581500 
2580000 
2578500 
2577000 
2575500 
2574000 
2572500 
2571000 
2569500 
2568000 
2566500 
2565000 
2563500 
2562000 
2560500 
2559000 
2557500 
2556000 
2554500 
2553000 
2551500 
2550000 
2548500 
2547000 
2545500 
2544000 
2542500 
2541000 
2539500 
2538000 
2536500 
2535000 
2533500 
2532000 
2530500 
2529000 
2527500 
2526000 
2524500 
2523000 
2521500 
2520000 
2518500 
2517000 
2515500 
2514000 
2512500 
2511000 
2509500 
2508000 
2506500 
2505000 
2503500 
2502000 
2500500 
2499000 
2497500 
2496000 
2494500 
2493000 
2491500 
2490000 
2488500 
2487000 
2485500 
2484000 
2482500 
2481000 
2479500 
2478000 
2476500 
2475000 
2473500 
2472000 
2470500 
2469000 
2467500 
2466000 
2464500 
2463000 
2461500 
2460000 
2458500 
2457000 
2455500 
2454000 
2452500 
2451000 
2449500 
2448000 
2446500 
2445000 
2443500 
2442000 
2440500 
2439000 
2437500 
2436000 
2434500 
2433000 
2431500 
2430000 
2428500 
2427000 
2425500 
2424000 
2422500 
2421000 
2419500 
2418000 
2416500 
2415000 
2413500 
2412000 
2410500 
2409000 
2407500 
2406000 
2404500 
2403000 
2401500 
2400000 
2398500 
2397000 
2395500 
2394000 
2392500 
2391000 
2389500 
2388000 
2386500 
2385000 
2383500 
2382000 
2380500 
2379000 
2377500 
2376000 
2374500 
2373000 
2371500 
2370000 
2368500 
2367000 
2365500 
2364000 
2362500 
2361000 
2359500 
2358000 
2356500 
2355000 
2353500 
2352000 
2350500 
2349000 
2347500 
2346000 
2344500 
2343000 
2341500 
2340000 
2338500 
2337000 
2335500 
2334000 
2332500 
2331000 
2329500 
2328000 
2326500 
2325000 
2323500 
2322000 
2320500 
2319000 
2317500 
2316000 
2314500 
2313000 
2311500 
2310000 
2308500 
2307000 
2305500 
2304000 
2302500 
2301000 
2299500 
2298000 
2296500 
2295000 
2293500 
2292000 
2290500 
2289000 
2287500 
2286000 
2284500 
2283000 
2281500 
2280000 
2278500 
2277000 
2275500 
2274000 
2272500 
2271000 
2269500 
2268000 
2266500 
2265000 
2263500 
2262000 
2260500 
2259000 
2257500 
2256000 
2254500 
2253000 
2251500 
2250000 
2248500 
2247000 
2245500 
2244000 
2242500 
2241000 
2239500 
2238000 
2236500 
2235000 
2233500 
2232000 
2230500 
2229000 
2227500 
2226000 
2224500 
2223000 
2221500 
2220000 
2218500 
2217000 
2215500 
2214000 
2212500 
2211000 
2209500 
2208000 
2206500 
2205000 
2203500 
2202000 
2200500 
2199000 
2197500 
2196000 
2194500 
2193000 
2191500 
2190000 
2188500 
2187000 
2185500 
2184000 
2182500 
2181000 
2179500 
2178000 
2176500 
2175000 
2173500 
2172000 
2170500 
2169000 
2167500 
2166000 
2164500 
2163000 
2161500 
2160000 
2158500 
2157000 
2155500 
2154000 
2152500 
2151000 
2149500 
2148000 
2146500 
2145000 
2143500 
2142000 
2140500 
2139000 
2137500 
2136000 
2134500 
2133000 
2131500 
2130000 
2128500 
2127000 
2125500 
2124000 
2122500 
2121000 
2119500 
2118000 
2116500 
2115000 
2113500 
2112000 
2110500 
2109000 
2107500 
2106000 
2104500 
2103000 
2101500 
2100000 
2098500 
2097000 
2095500 
2094000 
2092500 
2091000 
2089500 
2088000 
2086500 
2085000 
2083500 
2082000 
2080500 
2079000 
2077500 
2076000 
2074500 
2073000 
2071500 
2070000 
2068500 
2067000 
2065500 
2064000 
2062500 
2061000 
2059500 
2058000 
2056500 
2055000 
2053500 
2052000 
2050500 
2049000 
2047500 
2046000 
2044500 
2043000 
2041500 
2040000 
2038500 
2037000 
2035500 
2034000 
2032500 
2031000 
2029500 
2028000 
2026500 
2025000 
2023500 
2022000 
2020500 
2019000 
2017500 
2016000 
2014500 
2013000 
2011500 
2010000 
2008500 
2007000 
2005500 
2004000 
2002500 
2001000 
1999500 
1998000 
1996500 
1995000 
1993500 
1992000 
1990500 
1989000 
1987500 
1986000 
1984500 
1983000 
1981500 
1980000 
1978500 
1977000 
1975500 
1974000 
1972500 
1971000 
1969500 
1968000 
1966500 
1965000 
1963500 
1962000 
1960500 
1959000 
1957500 
1956000 
1954500 
1953000 
1951500 
1950000 
1948500 
1947000 
1945500 
1944000 
1942500 
1941000 
1939500 
1938000 
1936500 
1935000 
1933500 
1932000 
1930500 
1929000 
1927500 
1926000 
1924500 
1923000 
1921500 
1920000 
1918500 
1917000 
1915500 
1914000 
1912500 
1911000 
1909500 
1908000 
1906500 
1905000 
1903500 
1902000 
1900500 
1899000 
1897500 
1896000 
1894500 
1893000 
1891500 
1890000 
1888500 
1887000 
1885500 
1884000 
1882500 
1881000 
1879500 
1878000 
1876500 
1875000 
1873500 
1872000 
1870500 
1869000 
1867500 
1866000 
1864500 
1863000 
1861500 
1860000 
1858500 
1857000 
1855500 
1854000 
1852500 
1851000 
1849500 
1848000 
1846500 
1845000 
1843500 
1842000 
1840500 
1839000 
1837500 
1836000 
1834500 
1833000 
1831500 
1830000 
1828500 
1827000 
1825500 
1824000 
1822500 
1821000 
1819500 
1818000 
1816500 
1815000 
1813500 
1812000 
1810500 
1809000 
1807500 
1806000 
1804500 
1803000 
1801500 
1800000 
1798500 
1797000 
1795500 
1794000 
1792500 
1791000 
1789500 
1788000 
1786500 
1785000 
1783500 
1782000 
1780500 
1779000 
1777500 
1776000 
1774500 
1773000 
1771500 
1770000 
1768500 
1767000 
1765500 
1764000 
1762500 
1761000 
1759500 
1758000 
1756500 
1755000 
1753500 
1752000 
1750500 
1749000 
1747500 
1746000 
1744500 
1743000 
1741500 
1740000 
1738500 
1737000 
1735500 
1734000 
1732500 
1731000 
1729500 
1728000 
1726500 
1725000 
1723500 
1722000 
1720500 
1719000 
1717500 
1716000 
1714500 
1713000 
1711500 
1710000 
1708500 
1707000 
1705500 
1704000 
1702500 
1701000 
1699500 
1698000 
1696500 
1695000 
1693500 
1692000 
1690500 
1689000 
1687500 
1686000 
1684500 
1683000 
1681500 
1680000 
1678500 
1677000 
1675500 
1674000 
1672500 
1671000 
1669500 
1668000 
1666500 
1665000 
1663500 
1662000 
1660500 
1659000 
1657500 
1656000 
1654500 
1653000 
1651500 
1650000 
1648500 
1647000 
1645500 
1644000 
1642500 
1641000 
1639500 
1638000 
1636500 
1635000 
1633500 
1632000 
1630500 
1629000 
1627500 
1626000 
1624500 
1623000 
1621500 
1620000 
1618500 
1617000 
1615500 
1614000 
1612500 
1611000 
1609500 
1608000 
1606500 
1605000 
1603500 
1602000 
1600500 
1599000 
1597500 
1596000 
1594500 
1593000 
1591500 
1590000 
1588500 
1587000 
1585500 
1584000 
1582500 
1581000 
1579500 
1578000 
1576500 
1575000 
1573500 
1572000 
1570500 
1569000 
1567500 
1566000 
1564500 
1563000 
1561500 
1560000 
1558500 
1557000 
1555500 
1554000 
1552500 
1551000 
1549500 
1548000 
1546500 
1545000 
1543500 
1542000 
1540500 
1539000 
1537500 
1536000 
1534500 
1533000 
1531500 
1530000 
1528500 
1527000 
1525500 
1524000 
1522500 
1521000 
1519500 
1518000 
1516500 
1515000 
1513500 
1512000 
1510500 
1509000 
1507500 
1506000 
1504500 
1503000 
1501500 
1500000 
1498500 
1497000 
1495500 
1494000 
1492500 
1491000 
1489500 
1488000 
1486500 
1485000 
1483500 
1482000 
1480500 
1479000 
1477500 
1476000 
1474500 
1473000 
1471500 
1470000 
1468500 
1467000 
1465500 
1464000 
1462500 
1461000 
1459500 
1458000 
1456500 
1455000 
1453500 
1452000 
1450500 
1449000 
1447500 
1446000 
1444500 
1443000 
1441500 
1440000 
1438500 
1437000 
1435500 
1434000 
1432500 
1431000 
1429500 
1428000 
1426500 
1425000 
1423500 
1422000 
1420500 
1419000 
1417500 
1416000 
1414500 
1413000 
1411500 
1410000 
1408500 
1407000 
1405500 
1404000 
1402500 
1401000 
1399500 
1398000 
1396500 
1395000 
1393500 
1392000 
1390500 
1389000 
1387500 
1386000 
1384500 
1383000 
1381500 
1380000 
1378500 
1377000 
1375500 
1374000 
1372500 
1371000 
1369500 
1368000 
1366500 
1365000 
1363500 
1362000 
1360500 
1359000 
1357500 
1356000 
1354500 
1353000 
1351500 
1350000 
1348500 
1347000 
1345500 
1344000 
1342500 
1341000 
1339500 
1338000 
1336500 
1335000 
1333500 
1332000 
1330500 
1329000 
1327500 
1326000 
1324500 
1323000 
1321500 
1320000 
1318500 
1317000 
1315500 
1314000 
1312500 
1311000 
1309500 
1308000 
1306500 
1305000 
1303500 
1302000 
1300500 
1299000 
1297500 
1296000 
1294500 
1293000 
1291500 
1290000 
1288500 
1287000 
1285500 
1284000 
1282500 
1281000 
1279500 
1278000 
1276500 
1275000 
1273500 
1272000 
1270500 
1269000 
1267500 
1266000 
1264500 
1263000 
1261500 
1260000 
1258500 
1257000 
1255500 
1254000 
1252500 
1251000 
1249500 
1248000 
1246500 
1245000 
1243500 
1242000 
1240500 
1239000 
1237500 
1236000 
1234500 
1233000 
1231500 
1230000 
1228500 
1227000 
1225500 
1224000 
1222500 
1221000 
1219500 
1218000 
1216500 
1215000 
1213500 
1212000 
1210500 
1209000 
1207500 
1206000 
1204500 
1203000 
1201500 
1200000 
1198500 
1197000 
1195500 
1194000 
1192500 
1191000 
1189500 
1188000 
1186500 
1185000 
1183500 
1182000 
1180500 
1179000 
1177500 
1176000 
1174500 
1173000 
1171500 
1170000 
1168500 
1167000 
1165500 
1164000 
1162500 
1161000 
1159500 
1158000 
1156500 
1155000 
1153500 
1152000 
1150500 
1149000 
1147500 
1146000 
1144500 
1143000 
1141500 
1140000 
1138500 
1137000 
1135500 
1134000 
1132500 
1131000 
1129500 
1128000 
1126500 
1125000 
1123500 
1122000 
1120500 
1119000 
1117500 
1116000 
1114500 
1113000 
1111500 
1110000 
1108500 
1107000 
1105500 
1104000 
1102500 
1101000 
1099500 
1098000 
1096500 
1095000 
1093500 
1092000 
1090500 
1089000 
1087500 
1086000 
1084500 
1083000 
1081500 
1080000 
1078500 
1077000 
1075500 
1074000 
1072500 
1071000 
1069500 
1068000 
1066500 
1065000 
1063500 
1062000 
1060500 
1059000 
1057500 
1056000 
1054500 
1053000 
1051500 
1050000 
1048500 
1047000 
1045500 
1044000 
1042500 
1041000 
1039500 
1038000 
1036500 
1035000 
1033500 
1032000 
1030500 
1029000 
1027500 
1026000 
1024500 
1023000 
1021500 
1020000 
1018500 
1017000 
1015500 
1014000 
1012500 
1011000 
1009500 
1008000 
1006500 
1005000 
1003500 
1002000 
1000500 
999000 
997500 
996000 
994500 
993000 
991500 
990000 
988500 
987000 
985500 
984000 
982500 
981000 
979500 
978000 
976500 
975000 
973500 
972000 
970500 
969000 
967500 
966000 
964500 
963000 
961500 
960000 
958500 
957000 
955500 
954000 
952500 
951000 
949500 
948000 
946500 
945000 
943500 
942000 
940500 
939000 
937500 
936000 
934500 
933000 
931500 
930000 
928500 
927000 
925500 
924000 
922500 
921000 
919500 
918000 
916500 
915000 
913500 
912000 
910500 
909000 
907500 
906000 
904500 
903000 
901500 
900000 
898500 
897000 
895500 
894000 
892500 
891000 
889500 
888000 
886500 
885000 
883500 
882000 
880500 
879000 
877500 
876000 
874500 
873000 
871500 
870000 
868500 
867000 
865500 
864000 
862500 
861000 
859500 
858000 
856500 
855000 
853500 
852000 
850500 
849000 
847500 
846000 
844500 
843000 
841500 
840000 
838500 
837000 
835500 
834000 
832500 
831000 
829500 
828000 
826500 
825000 
823500 
822000 
820500 
819000 
817500 
816000 
814500 
813000 
811500 
810000 
808500 
807000 
805500 
804000 
802500 
801000 
799500 
798000 
796500 
795000 
793500 
792000 
790500 
789000 
787500 
786000 
784500 
783000 
781500 
780000 
778500 
777000 
775500 
774000 
772500 
771000 
769500 
768000 
766500 
765000 
763500 
762000 
760500 
759000 
757500 
756000 
754500 
753000 
751500 
750000 
748500 
747000 
745500 
744000 
742500 
741000 
739500 
738000 
736500 
735000 
733500 
732000 
730500 
729000 
727500 
726000 
724500 
723000 
721500 
720000 
718500 
717000 
715500 
714000 
712500 
711000 
709500 
708000 
706500 
705000 
703500 
702000 
700500 
699000 
697500 
696000 
694500 
693000 
691500 
690000 
688500 
687000 
685500 
684000 
682500 
681000 
679500 
678000 
676500 
675000 
673500 
672000 
670500 
669000 
667500 
666000 
664500 
663000 
661500 
660000 
658500 
657000 
655500 
654000 
652500 
651000 
649500 
648000 
646500 
645000 
643500 
642000 
640500 
639000 
637500 
636000 
634500 
633000 
631500 
630000 
628500 
627000 
625500 
624000 
622500 
621000 
619500 
618000 
616500 
615000 
613500 
612000 
610500 
609000 
607500 
606000 
604500 
603000 
601500 
600000 
598500 
597000 
595500 
594000 
592500 
591000 
589500 
588000 
586500 
585000 
583500 
582000 
580500 
579000 
577500 
576000 
574500 
573000 
571500 
570000 
568500 
567000 
565500 
564000 
562500 
561000 
559500 
558000 
556500 
555000 
553500 
552000 
550500 
549000 
547500 
546000 
544500 
543000 
541500 
540000 
538500 
537000 
535500 
534000 
532500 
531000 
529500 
528000 
526500 
525000 
523500 
522000 
520500 
519000 
517500 
516000 
514500 
513000 
511500 
510000 
508500 
507000 
505500 
504000 
502500 
501000 
499500 
498000 
496500 
495000 
493500 
492000 
490500 
489000 
487500 
486000 
484500 
483000 
481500 
480000 
478500 
477000 
475500 
474000 
472500 
471000 
469500 
468000 
466500 
465000 
463500 
462000 
460500 
459000 
457500 
456000 
454500 
453000 
451500 
450000 
448500 
447000 
445500 
444000 
442500 
441000 
439500 
438000 
436500 
435000 
433500 
432000 
430500 
429000 
427500 
426000 
424500 
423000 
421500 
420000 
418500 
417000 
415500 
414000 
412500 
411000 
409500 
408000 
406500 
405000 
403500 
402000 
400500 
399000 
397500 
396000 
394500 
393000 
391500 
390000 
388500 
387000 
385500 
384000 
382500 
381000 
379500 
378000 
376500 
375000 
373500 
372000 
370500 
369000 
367500 
366000 
364500 
363000 
361500 
360000 
358500 
357000 
355500 
354000 
352500 
351000 
349500 
348000 
346500 
345000 
343500 
342000 
340500 
339000 
337500 
336000 
334500 
333000 
331500 
330000 
328500 
327000 
325500 
324000 
322500 
321000 
319500 
318000 
316500 
315000 
313500 
312000 
310500 
309000 
307500 
306000 
304500 
303000 
301500 
300000 
298500 
297000 
295500 
294000 
292500 
291000 
289500 
288000 
286500 
285000 
283500 
282000 
280500 
279000 
277500 
276000 
274500 
273000 
271500 
270000 
268500 
267000 
265500 
264000 
262500 
261000 
259500 
258000 
256500 
255000 
253500 
252000 
250500 
249000 
247500 
246000 
244500 
243000 
241500 
240000 
238500 
237000 
235500 
234000 
232500 
231000 
229500 
228000 
226500 
225000 
223500 
222000 
220500 
219000 
217500 
216000 
214500 
213000 
211500 
210000 
208500 
207000 
205500 
204000 
202500 
201000 
199500 
198000 
196500 
195000 
193500 
192000 
190500 
189000 
187500 
186000 
184500 
183000 
181500 
180000 
178500 
177000 
175500 
174000 
172500 
171000 
169500 
168000 
166500 
165000 
163500 
162000 
160500 
159000 
157500 
156000 
154500 
153000 
151500 
150000 
148500 
147000 
145500 
144000 
142500 
141000 
139500 
138000 
136500 
135000 
133500 
132000 
130500 
129000 
127500 
126000 
124500 
123000 
121500 
120000 
118500 
117000 
115500 
114000 
112500 
111000 
109500 
108000 
106500 
105000 
103500 
102000 
100500 
99000 
97500 
96000 
94500 
93000 
91500 
90000 
88500 
87000 
85500 
84000 
82500 
81000 
79500 
78000 
76500 
75000 
73500 
72000 
70500 
69000 
67500 
66000 
64500 
63000 
61500 
60000 
58500 
57000 
55500 
54000 
52500 
51000 
49500 
48000 
46500 
45000 
43500 
42000 
40500 
39000 
37500 
36000 
34500 
33000 
31500 
30000 
28500 
27000 
25500 
24000 
22500 
21000 
19500 
18000 
16500 
15000 
13500 
12000 
10500 
9000 
7500 
6000 
4500 
3000 
1500 
