133000 
131500 
130000 
128500 
127000 
125500 
124000 
122500 
121000 
119500 
118000 
116500 
115000 
113500 
112000 
110500 
109000 
107500 
106000 
104500 
103000 
101500 
100000 
98500 
97000 
95500 
94000 
92500 
91000 
89500 
88000 
86500 
85000 
83500 
82000 
80500 
79000 
77500 
76000 
74500 
73000 
71500 
70000 
68500 
67000 
65500 
64000 
62500 
61000 
59500 
58000 
56500 
55000 
53500 
52000 
50500 
49000 
47500 
46000 
44500 
43000 
41500 
40000 
38500 
37000 
35500 
34000 
32500 
31000 
29500 
28000 
26500 
25000 
23500 
22000 
20500 
19000 
17500 
16000 
14500 
13000 
11500 
10000 
8500 
7000 
5500 
4000 
2500 
1000 
