667000 
665500 
664000 
662500 
661000 
659500 
658000 
656500 
655000 
653500 
652000 
650500 
649000 
647500 
646000 
644500 
643000 
641500 
640000 
638500 
637000 
635500 
634000 
632500 
631000 
629500 
628000 
626500 
625000 
623500 
622000 
620500 
619000 
617500 
616000 
614500 
613000 
611500 
610000 
608500 
607000 
605500 
604000 
602500 
601000 
599500 
598000 
596500 
595000 
593500 
592000 
590500 
589000 
587500 
586000 
584500 
583000 
581500 
580000 
578500 
577000 
575500 
574000 
572500 
571000 
569500 
568000 
566500 
565000 
563500 
562000 
560500 
559000 
557500 
556000 
554500 
553000 
551500 
550000 
548500 
547000 
545500 
544000 
542500 
541000 
539500 
538000 
536500 
535000 
533500 
532000 
530500 
529000 
527500 
526000 
524500 
523000 
521500 
520000 
518500 
517000 
515500 
514000 
512500 
511000 
509500 
508000 
506500 
505000 
503500 
502000 
500500 
499000 
497500 
496000 
494500 
493000 
491500 
490000 
488500 
487000 
485500 
484000 
482500 
481000 
479500 
478000 
476500 
475000 
473500 
472000 
470500 
469000 
467500 
466000 
464500 
463000 
461500 
460000 
458500 
457000 
455500 
454000 
452500 
451000 
449500 
448000 
446500 
445000 
443500 
442000 
440500 
439000 
437500 
436000 
434500 
433000 
431500 
430000 
428500 
427000 
425500 
424000 
422500 
421000 
419500 
418000 
416500 
415000 
413500 
412000 
410500 
409000 
407500 
406000 
404500 
403000 
401500 
400000 
398500 
397000 
395500 
394000 
392500 
391000 
389500 
388000 
386500 
385000 
383500 
382000 
380500 
379000 
377500 
376000 
374500 
373000 
371500 
370000 
368500 
367000 
365500 
364000 
362500 
361000 
359500 
358000 
356500 
355000 
353500 
352000 
350500 
349000 
347500 
346000 
344500 
343000 
341500 
340000 
338500 
337000 
335500 
334000 
332500 
331000 
329500 
328000 
326500 
325000 
323500 
322000 
320500 
319000 
317500 
316000 
314500 
313000 
311500 
310000 
308500 
307000 
305500 
304000 
302500 
301000 
299500 
298000 
296500 
295000 
293500 
292000 
290500 
289000 
287500 
286000 
284500 
283000 
281500 
280000 
278500 
277000 
275500 
274000 
272500 
271000 
269500 
268000 
266500 
265000 
263500 
262000 
260500 
259000 
257500 
256000 
254500 
253000 
251500 
250000 
248500 
247000 
245500 
244000 
242500 
241000 
239500 
238000 
236500 
235000 
233500 
232000 
230500 
229000 
227500 
226000 
224500 
223000 
221500 
220000 
218500 
217000 
215500 
214000 
212500 
211000 
209500 
208000 
206500 
205000 
203500 
202000 
200500 
199000 
197500 
196000 
194500 
193000 
191500 
190000 
188500 
187000 
185500 
184000 
182500 
181000 
179500 
178000 
176500 
175000 
173500 
172000 
170500 
169000 
167500 
166000 
164500 
163000 
161500 
160000 
158500 
157000 
155500 
154000 
152500 
151000 
149500 
148000 
146500 
145000 
143500 
142000 
140500 
139000 
137500 
136000 
134500 
133000 
131500 
130000 
128500 
127000 
125500 
124000 
122500 
121000 
119500 
118000 
116500 
115000 
113500 
112000 
110500 
109000 
107500 
106000 
104500 
103000 
101500 
100000 
98500 
97000 
95500 
94000 
92500 
91000 
89500 
88000 
86500 
85000 
83500 
82000 
80500 
79000 
77500 
76000 
74500 
73000 
71500 
70000 
68500 
67000 
65500 
64000 
62500 
61000 
59500 
58000 
56500 
55000 
53500 
52000 
50500 
49000 
47500 
46000 
44500 
43000 
41500 
40000 
38500 
37000 
35500 
34000 
32500 
31000 
29500 
28000 
26500 
25000 
23500 
22000 
20500 
19000 
17500 
16000 
14500 
13000 
11500 
10000 
8500 
7000 
5500 
4000 
2500 
1000 
