6667000 
6665500 
6664000 
6662500 
6661000 
6659500 
6658000 
6656500 
6655000 
6653500 
6652000 
6650500 
6649000 
6647500 
6646000 
6644500 
6643000 
6641500 
6640000 
6638500 
6637000 
6635500 
6634000 
6632500 
6631000 
6629500 
6628000 
6626500 
6625000 
6623500 
6622000 
6620500 
6619000 
6617500 
6616000 
6614500 
6613000 
6611500 
6610000 
6608500 
6607000 
6605500 
6604000 
6602500 
6601000 
6599500 
6598000 
6596500 
6595000 
6593500 
6592000 
6590500 
6589000 
6587500 
6586000 
6584500 
6583000 
6581500 
6580000 
6578500 
6577000 
6575500 
6574000 
6572500 
6571000 
6569500 
6568000 
6566500 
6565000 
6563500 
6562000 
6560500 
6559000 
6557500 
6556000 
6554500 
6553000 
6551500 
6550000 
6548500 
6547000 
6545500 
6544000 
6542500 
6541000 
6539500 
6538000 
6536500 
6535000 
6533500 
6532000 
6530500 
6529000 
6527500 
6526000 
6524500 
6523000 
6521500 
6520000 
6518500 
6517000 
6515500 
6514000 
6512500 
6511000 
6509500 
6508000 
6506500 
6505000 
6503500 
6502000 
6500500 
6499000 
6497500 
6496000 
6494500 
6493000 
6491500 
6490000 
6488500 
6487000 
6485500 
6484000 
6482500 
6481000 
6479500 
6478000 
6476500 
6475000 
6473500 
6472000 
6470500 
6469000 
6467500 
6466000 
6464500 
6463000 
6461500 
6460000 
6458500 
6457000 
6455500 
6454000 
6452500 
6451000 
6449500 
6448000 
6446500 
6445000 
6443500 
6442000 
6440500 
6439000 
6437500 
6436000 
6434500 
6433000 
6431500 
6430000 
6428500 
6427000 
6425500 
6424000 
6422500 
6421000 
6419500 
6418000 
6416500 
6415000 
6413500 
6412000 
6410500 
6409000 
6407500 
6406000 
6404500 
6403000 
6401500 
6400000 
6398500 
6397000 
6395500 
6394000 
6392500 
6391000 
6389500 
6388000 
6386500 
6385000 
6383500 
6382000 
6380500 
6379000 
6377500 
6376000 
6374500 
6373000 
6371500 
6370000 
6368500 
6367000 
6365500 
6364000 
6362500 
6361000 
6359500 
6358000 
6356500 
6355000 
6353500 
6352000 
6350500 
6349000 
6347500 
6346000 
6344500 
6343000 
6341500 
6340000 
6338500 
6337000 
6335500 
6334000 
6332500 
6331000 
6329500 
6328000 
6326500 
6325000 
6323500 
6322000 
6320500 
6319000 
6317500 
6316000 
6314500 
6313000 
6311500 
6310000 
6308500 
6307000 
6305500 
6304000 
6302500 
6301000 
6299500 
6298000 
6296500 
6295000 
6293500 
6292000 
6290500 
6289000 
6287500 
6286000 
6284500 
6283000 
6281500 
6280000 
6278500 
6277000 
6275500 
6274000 
6272500 
6271000 
6269500 
6268000 
6266500 
6265000 
6263500 
6262000 
6260500 
6259000 
6257500 
6256000 
6254500 
6253000 
6251500 
6250000 
6248500 
6247000 
6245500 
6244000 
6242500 
6241000 
6239500 
6238000 
6236500 
6235000 
6233500 
6232000 
6230500 
6229000 
6227500 
6226000 
6224500 
6223000 
6221500 
6220000 
6218500 
6217000 
6215500 
6214000 
6212500 
6211000 
6209500 
6208000 
6206500 
6205000 
6203500 
6202000 
6200500 
6199000 
6197500 
6196000 
6194500 
6193000 
6191500 
6190000 
6188500 
6187000 
6185500 
6184000 
6182500 
6181000 
6179500 
6178000 
6176500 
6175000 
6173500 
6172000 
6170500 
6169000 
6167500 
6166000 
6164500 
6163000 
6161500 
6160000 
6158500 
6157000 
6155500 
6154000 
6152500 
6151000 
6149500 
6148000 
6146500 
6145000 
6143500 
6142000 
6140500 
6139000 
6137500 
6136000 
6134500 
6133000 
6131500 
6130000 
6128500 
6127000 
6125500 
6124000 
6122500 
6121000 
6119500 
6118000 
6116500 
6115000 
6113500 
6112000 
6110500 
6109000 
6107500 
6106000 
6104500 
6103000 
6101500 
6100000 
6098500 
6097000 
6095500 
6094000 
6092500 
6091000 
6089500 
6088000 
6086500 
6085000 
6083500 
6082000 
6080500 
6079000 
6077500 
6076000 
6074500 
6073000 
6071500 
6070000 
6068500 
6067000 
6065500 
6064000 
6062500 
6061000 
6059500 
6058000 
6056500 
6055000 
6053500 
6052000 
6050500 
6049000 
6047500 
6046000 
6044500 
6043000 
6041500 
6040000 
6038500 
6037000 
6035500 
6034000 
6032500 
6031000 
6029500 
6028000 
6026500 
6025000 
6023500 
6022000 
6020500 
6019000 
6017500 
6016000 
6014500 
6013000 
6011500 
6010000 
6008500 
6007000 
6005500 
6004000 
6002500 
6001000 
5999500 
5998000 
5996500 
5995000 
5993500 
5992000 
5990500 
5989000 
5987500 
5986000 
5984500 
5983000 
5981500 
5980000 
5978500 
5977000 
5975500 
5974000 
5972500 
5971000 
5969500 
5968000 
5966500 
5965000 
5963500 
5962000 
5960500 
5959000 
5957500 
5956000 
5954500 
5953000 
5951500 
5950000 
5948500 
5947000 
5945500 
5944000 
5942500 
5941000 
5939500 
5938000 
5936500 
5935000 
5933500 
5932000 
5930500 
5929000 
5927500 
5926000 
5924500 
5923000 
5921500 
5920000 
5918500 
5917000 
5915500 
5914000 
5912500 
5911000 
5909500 
5908000 
5906500 
5905000 
5903500 
5902000 
5900500 
5899000 
5897500 
5896000 
5894500 
5893000 
5891500 
5890000 
5888500 
5887000 
5885500 
5884000 
5882500 
5881000 
5879500 
5878000 
5876500 
5875000 
5873500 
5872000 
5870500 
5869000 
5867500 
5866000 
5864500 
5863000 
5861500 
5860000 
5858500 
5857000 
5855500 
5854000 
5852500 
5851000 
5849500 
5848000 
5846500 
5845000 
5843500 
5842000 
5840500 
5839000 
5837500 
5836000 
5834500 
5833000 
5831500 
5830000 
5828500 
5827000 
5825500 
5824000 
5822500 
5821000 
5819500 
5818000 
5816500 
5815000 
5813500 
5812000 
5810500 
5809000 
5807500 
5806000 
5804500 
5803000 
5801500 
5800000 
5798500 
5797000 
5795500 
5794000 
5792500 
5791000 
5789500 
5788000 
5786500 
5785000 
5783500 
5782000 
5780500 
5779000 
5777500 
5776000 
5774500 
5773000 
5771500 
5770000 
5768500 
5767000 
5765500 
5764000 
5762500 
5761000 
5759500 
5758000 
5756500 
5755000 
5753500 
5752000 
5750500 
5749000 
5747500 
5746000 
5744500 
5743000 
5741500 
5740000 
5738500 
5737000 
5735500 
5734000 
5732500 
5731000 
5729500 
5728000 
5726500 
5725000 
5723500 
5722000 
5720500 
5719000 
5717500 
5716000 
5714500 
5713000 
5711500 
5710000 
5708500 
5707000 
5705500 
5704000 
5702500 
5701000 
5699500 
5698000 
5696500 
5695000 
5693500 
5692000 
5690500 
5689000 
5687500 
5686000 
5684500 
5683000 
5681500 
5680000 
5678500 
5677000 
5675500 
5674000 
5672500 
5671000 
5669500 
5668000 
5666500 
5665000 
5663500 
5662000 
5660500 
5659000 
5657500 
5656000 
5654500 
5653000 
5651500 
5650000 
5648500 
5647000 
5645500 
5644000 
5642500 
5641000 
5639500 
5638000 
5636500 
5635000 
5633500 
5632000 
5630500 
5629000 
5627500 
5626000 
5624500 
5623000 
5621500 
5620000 
5618500 
5617000 
5615500 
5614000 
5612500 
5611000 
5609500 
5608000 
5606500 
5605000 
5603500 
5602000 
5600500 
5599000 
5597500 
5596000 
5594500 
5593000 
5591500 
5590000 
5588500 
5587000 
5585500 
5584000 
5582500 
5581000 
5579500 
5578000 
5576500 
5575000 
5573500 
5572000 
5570500 
5569000 
5567500 
5566000 
5564500 
5563000 
5561500 
5560000 
5558500 
5557000 
5555500 
5554000 
5552500 
5551000 
5549500 
5548000 
5546500 
5545000 
5543500 
5542000 
5540500 
5539000 
5537500 
5536000 
5534500 
5533000 
5531500 
5530000 
5528500 
5527000 
5525500 
5524000 
5522500 
5521000 
5519500 
5518000 
5516500 
5515000 
5513500 
5512000 
5510500 
5509000 
5507500 
5506000 
5504500 
5503000 
5501500 
5500000 
5498500 
5497000 
5495500 
5494000 
5492500 
5491000 
5489500 
5488000 
5486500 
5485000 
5483500 
5482000 
5480500 
5479000 
5477500 
5476000 
5474500 
5473000 
5471500 
5470000 
5468500 
5467000 
5465500 
5464000 
5462500 
5461000 
5459500 
5458000 
5456500 
5455000 
5453500 
5452000 
5450500 
5449000 
5447500 
5446000 
5444500 
5443000 
5441500 
5440000 
5438500 
5437000 
5435500 
5434000 
5432500 
5431000 
5429500 
5428000 
5426500 
5425000 
5423500 
5422000 
5420500 
5419000 
5417500 
5416000 
5414500 
5413000 
5411500 
5410000 
5408500 
5407000 
5405500 
5404000 
5402500 
5401000 
5399500 
5398000 
5396500 
5395000 
5393500 
5392000 
5390500 
5389000 
5387500 
5386000 
5384500 
5383000 
5381500 
5380000 
5378500 
5377000 
5375500 
5374000 
5372500 
5371000 
5369500 
5368000 
5366500 
5365000 
5363500 
5362000 
5360500 
5359000 
5357500 
5356000 
5354500 
5353000 
5351500 
5350000 
5348500 
5347000 
5345500 
5344000 
5342500 
5341000 
5339500 
5338000 
5336500 
5335000 
5333500 
5332000 
5330500 
5329000 
5327500 
5326000 
5324500 
5323000 
5321500 
5320000 
5318500 
5317000 
5315500 
5314000 
5312500 
5311000 
5309500 
5308000 
5306500 
5305000 
5303500 
5302000 
5300500 
5299000 
5297500 
5296000 
5294500 
5293000 
5291500 
5290000 
5288500 
5287000 
5285500 
5284000 
5282500 
5281000 
5279500 
5278000 
5276500 
5275000 
5273500 
5272000 
5270500 
5269000 
5267500 
5266000 
5264500 
5263000 
5261500 
5260000 
5258500 
5257000 
5255500 
5254000 
5252500 
5251000 
5249500 
5248000 
5246500 
5245000 
5243500 
5242000 
5240500 
5239000 
5237500 
5236000 
5234500 
5233000 
5231500 
5230000 
5228500 
5227000 
5225500 
5224000 
5222500 
5221000 
5219500 
5218000 
5216500 
5215000 
5213500 
5212000 
5210500 
5209000 
5207500 
5206000 
5204500 
5203000 
5201500 
5200000 
5198500 
5197000 
5195500 
5194000 
5192500 
5191000 
5189500 
5188000 
5186500 
5185000 
5183500 
5182000 
5180500 
5179000 
5177500 
5176000 
5174500 
5173000 
5171500 
5170000 
5168500 
5167000 
5165500 
5164000 
5162500 
5161000 
5159500 
5158000 
5156500 
5155000 
5153500 
5152000 
5150500 
5149000 
5147500 
5146000 
5144500 
5143000 
5141500 
5140000 
5138500 
5137000 
5135500 
5134000 
5132500 
5131000 
5129500 
5128000 
5126500 
5125000 
5123500 
5122000 
5120500 
5119000 
5117500 
5116000 
5114500 
5113000 
5111500 
5110000 
5108500 
5107000 
5105500 
5104000 
5102500 
5101000 
5099500 
5098000 
5096500 
5095000 
5093500 
5092000 
5090500 
5089000 
5087500 
5086000 
5084500 
5083000 
5081500 
5080000 
5078500 
5077000 
5075500 
5074000 
5072500 
5071000 
5069500 
5068000 
5066500 
5065000 
5063500 
5062000 
5060500 
5059000 
5057500 
5056000 
5054500 
5053000 
5051500 
5050000 
5048500 
5047000 
5045500 
5044000 
5042500 
5041000 
5039500 
5038000 
5036500 
5035000 
5033500 
5032000 
5030500 
5029000 
5027500 
5026000 
5024500 
5023000 
5021500 
5020000 
5018500 
5017000 
5015500 
5014000 
5012500 
5011000 
5009500 
5008000 
5006500 
5005000 
5003500 
5002000 
5000500 
4999000 
4997500 
4996000 
4994500 
4993000 
4991500 
4990000 
4988500 
4987000 
4985500 
4984000 
4982500 
4981000 
4979500 
4978000 
4976500 
4975000 
4973500 
4972000 
4970500 
4969000 
4967500 
4966000 
4964500 
4963000 
4961500 
4960000 
4958500 
4957000 
4955500 
4954000 
4952500 
4951000 
4949500 
4948000 
4946500 
4945000 
4943500 
4942000 
4940500 
4939000 
4937500 
4936000 
4934500 
4933000 
4931500 
4930000 
4928500 
4927000 
4925500 
4924000 
4922500 
4921000 
4919500 
4918000 
4916500 
4915000 
4913500 
4912000 
4910500 
4909000 
4907500 
4906000 
4904500 
4903000 
4901500 
4900000 
4898500 
4897000 
4895500 
4894000 
4892500 
4891000 
4889500 
4888000 
4886500 
4885000 
4883500 
4882000 
4880500 
4879000 
4877500 
4876000 
4874500 
4873000 
4871500 
4870000 
4868500 
4867000 
4865500 
4864000 
4862500 
4861000 
4859500 
4858000 
4856500 
4855000 
4853500 
4852000 
4850500 
4849000 
4847500 
4846000 
4844500 
4843000 
4841500 
4840000 
4838500 
4837000 
4835500 
4834000 
4832500 
4831000 
4829500 
4828000 
4826500 
4825000 
4823500 
4822000 
4820500 
4819000 
4817500 
4816000 
4814500 
4813000 
4811500 
4810000 
4808500 
4807000 
4805500 
4804000 
4802500 
4801000 
4799500 
4798000 
4796500 
4795000 
4793500 
4792000 
4790500 
4789000 
4787500 
4786000 
4784500 
4783000 
4781500 
4780000 
4778500 
4777000 
4775500 
4774000 
4772500 
4771000 
4769500 
4768000 
4766500 
4765000 
4763500 
4762000 
4760500 
4759000 
4757500 
4756000 
4754500 
4753000 
4751500 
4750000 
4748500 
4747000 
4745500 
4744000 
4742500 
4741000 
4739500 
4738000 
4736500 
4735000 
4733500 
4732000 
4730500 
4729000 
4727500 
4726000 
4724500 
4723000 
4721500 
4720000 
4718500 
4717000 
4715500 
4714000 
4712500 
4711000 
4709500 
4708000 
4706500 
4705000 
4703500 
4702000 
4700500 
4699000 
4697500 
4696000 
4694500 
4693000 
4691500 
4690000 
4688500 
4687000 
4685500 
4684000 
4682500 
4681000 
4679500 
4678000 
4676500 
4675000 
4673500 
4672000 
4670500 
4669000 
4667500 
4666000 
4664500 
4663000 
4661500 
4660000 
4658500 
4657000 
4655500 
4654000 
4652500 
4651000 
4649500 
4648000 
4646500 
4645000 
4643500 
4642000 
4640500 
4639000 
4637500 
4636000 
4634500 
4633000 
4631500 
4630000 
4628500 
4627000 
4625500 
4624000 
4622500 
4621000 
4619500 
4618000 
4616500 
4615000 
4613500 
4612000 
4610500 
4609000 
4607500 
4606000 
4604500 
4603000 
4601500 
4600000 
4598500 
4597000 
4595500 
4594000 
4592500 
4591000 
4589500 
4588000 
4586500 
4585000 
4583500 
4582000 
4580500 
4579000 
4577500 
4576000 
4574500 
4573000 
4571500 
4570000 
4568500 
4567000 
4565500 
4564000 
4562500 
4561000 
4559500 
4558000 
4556500 
4555000 
4553500 
4552000 
4550500 
4549000 
4547500 
4546000 
4544500 
4543000 
4541500 
4540000 
4538500 
4537000 
4535500 
4534000 
4532500 
4531000 
4529500 
4528000 
4526500 
4525000 
4523500 
4522000 
4520500 
4519000 
4517500 
4516000 
4514500 
4513000 
4511500 
4510000 
4508500 
4507000 
4505500 
4504000 
4502500 
4501000 
4499500 
4498000 
4496500 
4495000 
4493500 
4492000 
4490500 
4489000 
4487500 
4486000 
4484500 
4483000 
4481500 
4480000 
4478500 
4477000 
4475500 
4474000 
4472500 
4471000 
4469500 
4468000 
4466500 
4465000 
4463500 
4462000 
4460500 
4459000 
4457500 
4456000 
4454500 
4453000 
4451500 
4450000 
4448500 
4447000 
4445500 
4444000 
4442500 
4441000 
4439500 
4438000 
4436500 
4435000 
4433500 
4432000 
4430500 
4429000 
4427500 
4426000 
4424500 
4423000 
4421500 
4420000 
4418500 
4417000 
4415500 
4414000 
4412500 
4411000 
4409500 
4408000 
4406500 
4405000 
4403500 
4402000 
4400500 
4399000 
4397500 
4396000 
4394500 
4393000 
4391500 
4390000 
4388500 
4387000 
4385500 
4384000 
4382500 
4381000 
4379500 
4378000 
4376500 
4375000 
4373500 
4372000 
4370500 
4369000 
4367500 
4366000 
4364500 
4363000 
4361500 
4360000 
4358500 
4357000 
4355500 
4354000 
4352500 
4351000 
4349500 
4348000 
4346500 
4345000 
4343500 
4342000 
4340500 
4339000 
4337500 
4336000 
4334500 
4333000 
4331500 
4330000 
4328500 
4327000 
4325500 
4324000 
4322500 
4321000 
4319500 
4318000 
4316500 
4315000 
4313500 
4312000 
4310500 
4309000 
4307500 
4306000 
4304500 
4303000 
4301500 
4300000 
4298500 
4297000 
4295500 
4294000 
4292500 
4291000 
4289500 
4288000 
4286500 
4285000 
4283500 
4282000 
4280500 
4279000 
4277500 
4276000 
4274500 
4273000 
4271500 
4270000 
4268500 
4267000 
4265500 
4264000 
4262500 
4261000 
4259500 
4258000 
4256500 
4255000 
4253500 
4252000 
4250500 
4249000 
4247500 
4246000 
4244500 
4243000 
4241500 
4240000 
4238500 
4237000 
4235500 
4234000 
4232500 
4231000 
4229500 
4228000 
4226500 
4225000 
4223500 
4222000 
4220500 
4219000 
4217500 
4216000 
4214500 
4213000 
4211500 
4210000 
4208500 
4207000 
4205500 
4204000 
4202500 
4201000 
4199500 
4198000 
4196500 
4195000 
4193500 
4192000 
4190500 
4189000 
4187500 
4186000 
4184500 
4183000 
4181500 
4180000 
4178500 
4177000 
4175500 
4174000 
4172500 
4171000 
4169500 
4168000 
4166500 
4165000 
4163500 
4162000 
4160500 
4159000 
4157500 
4156000 
4154500 
4153000 
4151500 
4150000 
4148500 
4147000 
4145500 
4144000 
4142500 
4141000 
4139500 
4138000 
4136500 
4135000 
4133500 
4132000 
4130500 
4129000 
4127500 
4126000 
4124500 
4123000 
4121500 
4120000 
4118500 
4117000 
4115500 
4114000 
4112500 
4111000 
4109500 
4108000 
4106500 
4105000 
4103500 
4102000 
4100500 
4099000 
4097500 
4096000 
4094500 
4093000 
4091500 
4090000 
4088500 
4087000 
4085500 
4084000 
4082500 
4081000 
4079500 
4078000 
4076500 
4075000 
4073500 
4072000 
4070500 
4069000 
4067500 
4066000 
4064500 
4063000 
4061500 
4060000 
4058500 
4057000 
4055500 
4054000 
4052500 
4051000 
4049500 
4048000 
4046500 
4045000 
4043500 
4042000 
4040500 
4039000 
4037500 
4036000 
4034500 
4033000 
4031500 
4030000 
4028500 
4027000 
4025500 
4024000 
4022500 
4021000 
4019500 
4018000 
4016500 
4015000 
4013500 
4012000 
4010500 
4009000 
4007500 
4006000 
4004500 
4003000 
4001500 
4000000 
3998500 
3997000 
3995500 
3994000 
3992500 
3991000 
3989500 
3988000 
3986500 
3985000 
3983500 
3982000 
3980500 
3979000 
3977500 
3976000 
3974500 
3973000 
3971500 
3970000 
3968500 
3967000 
3965500 
3964000 
3962500 
3961000 
3959500 
3958000 
3956500 
3955000 
3953500 
3952000 
3950500 
3949000 
3947500 
3946000 
3944500 
3943000 
3941500 
3940000 
3938500 
3937000 
3935500 
3934000 
3932500 
3931000 
3929500 
3928000 
3926500 
3925000 
3923500 
3922000 
3920500 
3919000 
3917500 
3916000 
3914500 
3913000 
3911500 
3910000 
3908500 
3907000 
3905500 
3904000 
3902500 
3901000 
3899500 
3898000 
3896500 
3895000 
3893500 
3892000 
3890500 
3889000 
3887500 
3886000 
3884500 
3883000 
3881500 
3880000 
3878500 
3877000 
3875500 
3874000 
3872500 
3871000 
3869500 
3868000 
3866500 
3865000 
3863500 
3862000 
3860500 
3859000 
3857500 
3856000 
3854500 
3853000 
3851500 
3850000 
3848500 
3847000 
3845500 
3844000 
3842500 
3841000 
3839500 
3838000 
3836500 
3835000 
3833500 
3832000 
3830500 
3829000 
3827500 
3826000 
3824500 
3823000 
3821500 
3820000 
3818500 
3817000 
3815500 
3814000 
3812500 
3811000 
3809500 
3808000 
3806500 
3805000 
3803500 
3802000 
3800500 
3799000 
3797500 
3796000 
3794500 
3793000 
3791500 
3790000 
3788500 
3787000 
3785500 
3784000 
3782500 
3781000 
3779500 
3778000 
3776500 
3775000 
3773500 
3772000 
3770500 
3769000 
3767500 
3766000 
3764500 
3763000 
3761500 
3760000 
3758500 
3757000 
3755500 
3754000 
3752500 
3751000 
3749500 
3748000 
3746500 
3745000 
3743500 
3742000 
3740500 
3739000 
3737500 
3736000 
3734500 
3733000 
3731500 
3730000 
3728500 
3727000 
3725500 
3724000 
3722500 
3721000 
3719500 
3718000 
3716500 
3715000 
3713500 
3712000 
3710500 
3709000 
3707500 
3706000 
3704500 
3703000 
3701500 
3700000 
3698500 
3697000 
3695500 
3694000 
3692500 
3691000 
3689500 
3688000 
3686500 
3685000 
3683500 
3682000 
3680500 
3679000 
3677500 
3676000 
3674500 
3673000 
3671500 
3670000 
3668500 
3667000 
3665500 
3664000 
3662500 
3661000 
3659500 
3658000 
3656500 
3655000 
3653500 
3652000 
3650500 
3649000 
3647500 
3646000 
3644500 
3643000 
3641500 
3640000 
3638500 
3637000 
3635500 
3634000 
3632500 
3631000 
3629500 
3628000 
3626500 
3625000 
3623500 
3622000 
3620500 
3619000 
3617500 
3616000 
3614500 
3613000 
3611500 
3610000 
3608500 
3607000 
3605500 
3604000 
3602500 
3601000 
3599500 
3598000 
3596500 
3595000 
3593500 
3592000 
3590500 
3589000 
3587500 
3586000 
3584500 
3583000 
3581500 
3580000 
3578500 
3577000 
3575500 
3574000 
3572500 
3571000 
3569500 
3568000 
3566500 
3565000 
3563500 
3562000 
3560500 
3559000 
3557500 
3556000 
3554500 
3553000 
3551500 
3550000 
3548500 
3547000 
3545500 
3544000 
3542500 
3541000 
3539500 
3538000 
3536500 
3535000 
3533500 
3532000 
3530500 
3529000 
3527500 
3526000 
3524500 
3523000 
3521500 
3520000 
3518500 
3517000 
3515500 
3514000 
3512500 
3511000 
3509500 
3508000 
3506500 
3505000 
3503500 
3502000 
3500500 
3499000 
3497500 
3496000 
3494500 
3493000 
3491500 
3490000 
3488500 
3487000 
3485500 
3484000 
3482500 
3481000 
3479500 
3478000 
3476500 
3475000 
3473500 
3472000 
3470500 
3469000 
3467500 
3466000 
3464500 
3463000 
3461500 
3460000 
3458500 
3457000 
3455500 
3454000 
3452500 
3451000 
3449500 
3448000 
3446500 
3445000 
3443500 
3442000 
3440500 
3439000 
3437500 
3436000 
3434500 
3433000 
3431500 
3430000 
3428500 
3427000 
3425500 
3424000 
3422500 
3421000 
3419500 
3418000 
3416500 
3415000 
3413500 
3412000 
3410500 
3409000 
3407500 
3406000 
3404500 
3403000 
3401500 
3400000 
3398500 
3397000 
3395500 
3394000 
3392500 
3391000 
3389500 
3388000 
3386500 
3385000 
3383500 
3382000 
3380500 
3379000 
3377500 
3376000 
3374500 
3373000 
3371500 
3370000 
3368500 
3367000 
3365500 
3364000 
3362500 
3361000 
3359500 
3358000 
3356500 
3355000 
3353500 
3352000 
3350500 
3349000 
3347500 
3346000 
3344500 
3343000 
3341500 
3340000 
3338500 
3337000 
3335500 
3334000 
3332500 
3331000 
3329500 
3328000 
3326500 
3325000 
3323500 
3322000 
3320500 
3319000 
3317500 
3316000 
3314500 
3313000 
3311500 
3310000 
3308500 
3307000 
3305500 
3304000 
3302500 
3301000 
3299500 
3298000 
3296500 
3295000 
3293500 
3292000 
3290500 
3289000 
3287500 
3286000 
3284500 
3283000 
3281500 
3280000 
3278500 
3277000 
3275500 
3274000 
3272500 
3271000 
3269500 
3268000 
3266500 
3265000 
3263500 
3262000 
3260500 
3259000 
3257500 
3256000 
3254500 
3253000 
3251500 
3250000 
3248500 
3247000 
3245500 
3244000 
3242500 
3241000 
3239500 
3238000 
3236500 
3235000 
3233500 
3232000 
3230500 
3229000 
3227500 
3226000 
3224500 
3223000 
3221500 
3220000 
3218500 
3217000 
3215500 
3214000 
3212500 
3211000 
3209500 
3208000 
3206500 
3205000 
3203500 
3202000 
3200500 
3199000 
3197500 
3196000 
3194500 
3193000 
3191500 
3190000 
3188500 
3187000 
3185500 
3184000 
3182500 
3181000 
3179500 
3178000 
3176500 
3175000 
3173500 
3172000 
3170500 
3169000 
3167500 
3166000 
3164500 
3163000 
3161500 
3160000 
3158500 
3157000 
3155500 
3154000 
3152500 
3151000 
3149500 
3148000 
3146500 
3145000 
3143500 
3142000 
3140500 
3139000 
3137500 
3136000 
3134500 
3133000 
3131500 
3130000 
3128500 
3127000 
3125500 
3124000 
3122500 
3121000 
3119500 
3118000 
3116500 
3115000 
3113500 
3112000 
3110500 
3109000 
3107500 
3106000 
3104500 
3103000 
3101500 
3100000 
3098500 
3097000 
3095500 
3094000 
3092500 
3091000 
3089500 
3088000 
3086500 
3085000 
3083500 
3082000 
3080500 
3079000 
3077500 
3076000 
3074500 
3073000 
3071500 
3070000 
3068500 
3067000 
3065500 
3064000 
3062500 
3061000 
3059500 
3058000 
3056500 
3055000 
3053500 
3052000 
3050500 
3049000 
3047500 
3046000 
3044500 
3043000 
3041500 
3040000 
3038500 
3037000 
3035500 
3034000 
3032500 
3031000 
3029500 
3028000 
3026500 
3025000 
3023500 
3022000 
3020500 
3019000 
3017500 
3016000 
3014500 
3013000 
3011500 
3010000 
3008500 
3007000 
3005500 
3004000 
3002500 
3001000 
2999500 
2998000 
2996500 
2995000 
2993500 
2992000 
2990500 
2989000 
2987500 
2986000 
2984500 
2983000 
2981500 
2980000 
2978500 
2977000 
2975500 
2974000 
2972500 
2971000 
2969500 
2968000 
2966500 
2965000 
2963500 
2962000 
2960500 
2959000 
2957500 
2956000 
2954500 
2953000 
2951500 
2950000 
2948500 
2947000 
2945500 
2944000 
2942500 
2941000 
2939500 
2938000 
2936500 
2935000 
2933500 
2932000 
2930500 
2929000 
2927500 
2926000 
2924500 
2923000 
2921500 
2920000 
2918500 
2917000 
2915500 
2914000 
2912500 
2911000 
2909500 
2908000 
2906500 
2905000 
2903500 
2902000 
2900500 
2899000 
2897500 
2896000 
2894500 
2893000 
2891500 
2890000 
2888500 
2887000 
2885500 
2884000 
2882500 
2881000 
2879500 
2878000 
2876500 
2875000 
2873500 
2872000 
2870500 
2869000 
2867500 
2866000 
2864500 
2863000 
2861500 
2860000 
2858500 
2857000 
2855500 
2854000 
2852500 
2851000 
2849500 
2848000 
2846500 
2845000 
2843500 
2842000 
2840500 
2839000 
2837500 
2836000 
2834500 
2833000 
2831500 
2830000 
2828500 
2827000 
2825500 
2824000 
2822500 
2821000 
2819500 
2818000 
2816500 
2815000 
2813500 
2812000 
2810500 
2809000 
2807500 
2806000 
2804500 
2803000 
2801500 
2800000 
2798500 
2797000 
2795500 
2794000 
2792500 
2791000 
2789500 
2788000 
2786500 
2785000 
2783500 
2782000 
2780500 
2779000 
2777500 
2776000 
2774500 
2773000 
2771500 
2770000 
2768500 
2767000 
2765500 
2764000 
2762500 
2761000 
2759500 
2758000 
2756500 
2755000 
2753500 
2752000 
2750500 
2749000 
2747500 
2746000 
2744500 
2743000 
2741500 
2740000 
2738500 
2737000 
2735500 
2734000 
2732500 
2731000 
2729500 
2728000 
2726500 
2725000 
2723500 
2722000 
2720500 
2719000 
2717500 
2716000 
2714500 
2713000 
2711500 
2710000 
2708500 
2707000 
2705500 
2704000 
2702500 
2701000 
2699500 
2698000 
2696500 
2695000 
2693500 
2692000 
2690500 
2689000 
2687500 
2686000 
2684500 
2683000 
2681500 
2680000 
2678500 
2677000 
2675500 
2674000 
2672500 
2671000 
2669500 
2668000 
2666500 
2665000 
2663500 
2662000 
2660500 
2659000 
2657500 
2656000 
2654500 
2653000 
2651500 
2650000 
2648500 
2647000 
2645500 
2644000 
2642500 
2641000 
2639500 
2638000 
2636500 
2635000 
2633500 
2632000 
2630500 
2629000 
2627500 
2626000 
2624500 
2623000 
2621500 
2620000 
2618500 
2617000 
2615500 
2614000 
2612500 
2611000 
2609500 
2608000 
2606500 
2605000 
2603500 
2602000 
2600500 
2599000 
2597500 
2596000 
2594500 
2593000 
2591500 
2590000 
2588500 
2587000 
2585500 
2584000 
2582500 
2581000 
2579500 
2578000 
2576500 
2575000 
2573500 
2572000 
2570500 
2569000 
2567500 
2566000 
2564500 
2563000 
2561500 
2560000 
2558500 
2557000 
2555500 
2554000 
2552500 
2551000 
2549500 
2548000 
2546500 
2545000 
2543500 
2542000 
2540500 
2539000 
2537500 
2536000 
2534500 
2533000 
2531500 
2530000 
2528500 
2527000 
2525500 
2524000 
2522500 
2521000 
2519500 
2518000 
2516500 
2515000 
2513500 
2512000 
2510500 
2509000 
2507500 
2506000 
2504500 
2503000 
2501500 
2500000 
2498500 
2497000 
2495500 
2494000 
2492500 
2491000 
2489500 
2488000 
2486500 
2485000 
2483500 
2482000 
2480500 
2479000 
2477500 
2476000 
2474500 
2473000 
2471500 
2470000 
2468500 
2467000 
2465500 
2464000 
2462500 
2461000 
2459500 
2458000 
2456500 
2455000 
2453500 
2452000 
2450500 
2449000 
2447500 
2446000 
2444500 
2443000 
2441500 
2440000 
2438500 
2437000 
2435500 
2434000 
2432500 
2431000 
2429500 
2428000 
2426500 
2425000 
2423500 
2422000 
2420500 
2419000 
2417500 
2416000 
2414500 
2413000 
2411500 
2410000 
2408500 
2407000 
2405500 
2404000 
2402500 
2401000 
2399500 
2398000 
2396500 
2395000 
2393500 
2392000 
2390500 
2389000 
2387500 
2386000 
2384500 
2383000 
2381500 
2380000 
2378500 
2377000 
2375500 
2374000 
2372500 
2371000 
2369500 
2368000 
2366500 
2365000 
2363500 
2362000 
2360500 
2359000 
2357500 
2356000 
2354500 
2353000 
2351500 
2350000 
2348500 
2347000 
2345500 
2344000 
2342500 
2341000 
2339500 
2338000 
2336500 
2335000 
2333500 
2332000 
2330500 
2329000 
2327500 
2326000 
2324500 
2323000 
2321500 
2320000 
2318500 
2317000 
2315500 
2314000 
2312500 
2311000 
2309500 
2308000 
2306500 
2305000 
2303500 
2302000 
2300500 
2299000 
2297500 
2296000 
2294500 
2293000 
2291500 
2290000 
2288500 
2287000 
2285500 
2284000 
2282500 
2281000 
2279500 
2278000 
2276500 
2275000 
2273500 
2272000 
2270500 
2269000 
2267500 
2266000 
2264500 
2263000 
2261500 
2260000 
2258500 
2257000 
2255500 
2254000 
2252500 
2251000 
2249500 
2248000 
2246500 
2245000 
2243500 
2242000 
2240500 
2239000 
2237500 
2236000 
2234500 
2233000 
2231500 
2230000 
2228500 
2227000 
2225500 
2224000 
2222500 
2221000 
2219500 
2218000 
2216500 
2215000 
2213500 
2212000 
2210500 
2209000 
2207500 
2206000 
2204500 
2203000 
2201500 
2200000 
2198500 
2197000 
2195500 
2194000 
2192500 
2191000 
2189500 
2188000 
2186500 
2185000 
2183500 
2182000 
2180500 
2179000 
2177500 
2176000 
2174500 
2173000 
2171500 
2170000 
2168500 
2167000 
2165500 
2164000 
2162500 
2161000 
2159500 
2158000 
2156500 
2155000 
2153500 
2152000 
2150500 
2149000 
2147500 
2146000 
2144500 
2143000 
2141500 
2140000 
2138500 
2137000 
2135500 
2134000 
2132500 
2131000 
2129500 
2128000 
2126500 
2125000 
2123500 
2122000 
2120500 
2119000 
2117500 
2116000 
2114500 
2113000 
2111500 
2110000 
2108500 
2107000 
2105500 
2104000 
2102500 
2101000 
2099500 
2098000 
2096500 
2095000 
2093500 
2092000 
2090500 
2089000 
2087500 
2086000 
2084500 
2083000 
2081500 
2080000 
2078500 
2077000 
2075500 
2074000 
2072500 
2071000 
2069500 
2068000 
2066500 
2065000 
2063500 
2062000 
2060500 
2059000 
2057500 
2056000 
2054500 
2053000 
2051500 
2050000 
2048500 
2047000 
2045500 
2044000 
2042500 
2041000 
2039500 
2038000 
2036500 
2035000 
2033500 
2032000 
2030500 
2029000 
2027500 
2026000 
2024500 
2023000 
2021500 
2020000 
2018500 
2017000 
2015500 
2014000 
2012500 
2011000 
2009500 
2008000 
2006500 
2005000 
2003500 
2002000 
2000500 
1999000 
1997500 
1996000 
1994500 
1993000 
1991500 
1990000 
1988500 
1987000 
1985500 
1984000 
1982500 
1981000 
1979500 
1978000 
1976500 
1975000 
1973500 
1972000 
1970500 
1969000 
1967500 
1966000 
1964500 
1963000 
1961500 
1960000 
1958500 
1957000 
1955500 
1954000 
1952500 
1951000 
1949500 
1948000 
1946500 
1945000 
1943500 
1942000 
1940500 
1939000 
1937500 
1936000 
1934500 
1933000 
1931500 
1930000 
1928500 
1927000 
1925500 
1924000 
1922500 
1921000 
1919500 
1918000 
1916500 
1915000 
1913500 
1912000 
1910500 
1909000 
1907500 
1906000 
1904500 
1903000 
1901500 
1900000 
1898500 
1897000 
1895500 
1894000 
1892500 
1891000 
1889500 
1888000 
1886500 
1885000 
1883500 
1882000 
1880500 
1879000 
1877500 
1876000 
1874500 
1873000 
1871500 
1870000 
1868500 
1867000 
1865500 
1864000 
1862500 
1861000 
1859500 
1858000 
1856500 
1855000 
1853500 
1852000 
1850500 
1849000 
1847500 
1846000 
1844500 
1843000 
1841500 
1840000 
1838500 
1837000 
1835500 
1834000 
1832500 
1831000 
1829500 
1828000 
1826500 
1825000 
1823500 
1822000 
1820500 
1819000 
1817500 
1816000 
1814500 
1813000 
1811500 
1810000 
1808500 
1807000 
1805500 
1804000 
1802500 
1801000 
1799500 
1798000 
1796500 
1795000 
1793500 
1792000 
1790500 
1789000 
1787500 
1786000 
1784500 
1783000 
1781500 
1780000 
1778500 
1777000 
1775500 
1774000 
1772500 
1771000 
1769500 
1768000 
1766500 
1765000 
1763500 
1762000 
1760500 
1759000 
1757500 
1756000 
1754500 
1753000 
1751500 
1750000 
1748500 
1747000 
1745500 
1744000 
1742500 
1741000 
1739500 
1738000 
1736500 
1735000 
1733500 
1732000 
1730500 
1729000 
1727500 
1726000 
1724500 
1723000 
1721500 
1720000 
1718500 
1717000 
1715500 
1714000 
1712500 
1711000 
1709500 
1708000 
1706500 
1705000 
1703500 
1702000 
1700500 
1699000 
1697500 
1696000 
1694500 
1693000 
1691500 
1690000 
1688500 
1687000 
1685500 
1684000 
1682500 
1681000 
1679500 
1678000 
1676500 
1675000 
1673500 
1672000 
1670500 
1669000 
1667500 
1666000 
1664500 
1663000 
1661500 
1660000 
1658500 
1657000 
1655500 
1654000 
1652500 
1651000 
1649500 
1648000 
1646500 
1645000 
1643500 
1642000 
1640500 
1639000 
1637500 
1636000 
1634500 
1633000 
1631500 
1630000 
1628500 
1627000 
1625500 
1624000 
1622500 
1621000 
1619500 
1618000 
1616500 
1615000 
1613500 
1612000 
1610500 
1609000 
1607500 
1606000 
1604500 
1603000 
1601500 
1600000 
1598500 
1597000 
1595500 
1594000 
1592500 
1591000 
1589500 
1588000 
1586500 
1585000 
1583500 
1582000 
1580500 
1579000 
1577500 
1576000 
1574500 
1573000 
1571500 
1570000 
1568500 
1567000 
1565500 
1564000 
1562500 
1561000 
1559500 
1558000 
1556500 
1555000 
1553500 
1552000 
1550500 
1549000 
1547500 
1546000 
1544500 
1543000 
1541500 
1540000 
1538500 
1537000 
1535500 
1534000 
1532500 
1531000 
1529500 
1528000 
1526500 
1525000 
1523500 
1522000 
1520500 
1519000 
1517500 
1516000 
1514500 
1513000 
1511500 
1510000 
1508500 
1507000 
1505500 
1504000 
1502500 
1501000 
1499500 
1498000 
1496500 
1495000 
1493500 
1492000 
1490500 
1489000 
1487500 
1486000 
1484500 
1483000 
1481500 
1480000 
1478500 
1477000 
1475500 
1474000 
1472500 
1471000 
1469500 
1468000 
1466500 
1465000 
1463500 
1462000 
1460500 
1459000 
1457500 
1456000 
1454500 
1453000 
1451500 
1450000 
1448500 
1447000 
1445500 
1444000 
1442500 
1441000 
1439500 
1438000 
1436500 
1435000 
1433500 
1432000 
1430500 
1429000 
1427500 
1426000 
1424500 
1423000 
1421500 
1420000 
1418500 
1417000 
1415500 
1414000 
1412500 
1411000 
1409500 
1408000 
1406500 
1405000 
1403500 
1402000 
1400500 
1399000 
1397500 
1396000 
1394500 
1393000 
1391500 
1390000 
1388500 
1387000 
1385500 
1384000 
1382500 
1381000 
1379500 
1378000 
1376500 
1375000 
1373500 
1372000 
1370500 
1369000 
1367500 
1366000 
1364500 
1363000 
1361500 
1360000 
1358500 
1357000 
1355500 
1354000 
1352500 
1351000 
1349500 
1348000 
1346500 
1345000 
1343500 
1342000 
1340500 
1339000 
1337500 
1336000 
1334500 
1333000 
1331500 
1330000 
1328500 
1327000 
1325500 
1324000 
1322500 
1321000 
1319500 
1318000 
1316500 
1315000 
1313500 
1312000 
1310500 
1309000 
1307500 
1306000 
1304500 
1303000 
1301500 
1300000 
1298500 
1297000 
1295500 
1294000 
1292500 
1291000 
1289500 
1288000 
1286500 
1285000 
1283500 
1282000 
1280500 
1279000 
1277500 
1276000 
1274500 
1273000 
1271500 
1270000 
1268500 
1267000 
1265500 
1264000 
1262500 
1261000 
1259500 
1258000 
1256500 
1255000 
1253500 
1252000 
1250500 
1249000 
1247500 
1246000 
1244500 
1243000 
1241500 
1240000 
1238500 
1237000 
1235500 
1234000 
1232500 
1231000 
1229500 
1228000 
1226500 
1225000 
1223500 
1222000 
1220500 
1219000 
1217500 
1216000 
1214500 
1213000 
1211500 
1210000 
1208500 
1207000 
1205500 
1204000 
1202500 
1201000 
1199500 
1198000 
1196500 
1195000 
1193500 
1192000 
1190500 
1189000 
1187500 
1186000 
1184500 
1183000 
1181500 
1180000 
1178500 
1177000 
1175500 
1174000 
1172500 
1171000 
1169500 
1168000 
1166500 
1165000 
1163500 
1162000 
1160500 
1159000 
1157500 
1156000 
1154500 
1153000 
1151500 
1150000 
1148500 
1147000 
1145500 
1144000 
1142500 
1141000 
1139500 
1138000 
1136500 
1135000 
1133500 
1132000 
1130500 
1129000 
1127500 
1126000 
1124500 
1123000 
1121500 
1120000 
1118500 
1117000 
1115500 
1114000 
1112500 
1111000 
1109500 
1108000 
1106500 
1105000 
1103500 
1102000 
1100500 
1099000 
1097500 
1096000 
1094500 
1093000 
1091500 
1090000 
1088500 
1087000 
1085500 
1084000 
1082500 
1081000 
1079500 
1078000 
1076500 
1075000 
1073500 
1072000 
1070500 
1069000 
1067500 
1066000 
1064500 
1063000 
1061500 
1060000 
1058500 
1057000 
1055500 
1054000 
1052500 
1051000 
1049500 
1048000 
1046500 
1045000 
1043500 
1042000 
1040500 
1039000 
1037500 
1036000 
1034500 
1033000 
1031500 
1030000 
1028500 
1027000 
1025500 
1024000 
1022500 
1021000 
1019500 
1018000 
1016500 
1015000 
1013500 
1012000 
1010500 
1009000 
1007500 
1006000 
1004500 
1003000 
1001500 
1000000 
998500 
997000 
995500 
994000 
992500 
991000 
989500 
988000 
986500 
985000 
983500 
982000 
980500 
979000 
977500 
976000 
974500 
973000 
971500 
970000 
968500 
967000 
965500 
964000 
962500 
961000 
959500 
958000 
956500 
955000 
953500 
952000 
950500 
949000 
947500 
946000 
944500 
943000 
941500 
940000 
938500 
937000 
935500 
934000 
932500 
931000 
929500 
928000 
926500 
925000 
923500 
922000 
920500 
919000 
917500 
916000 
914500 
913000 
911500 
910000 
908500 
907000 
905500 
904000 
902500 
901000 
899500 
898000 
896500 
895000 
893500 
892000 
890500 
889000 
887500 
886000 
884500 
883000 
881500 
880000 
878500 
877000 
875500 
874000 
872500 
871000 
869500 
868000 
866500 
865000 
863500 
862000 
860500 
859000 
857500 
856000 
854500 
853000 
851500 
850000 
848500 
847000 
845500 
844000 
842500 
841000 
839500 
838000 
836500 
835000 
833500 
832000 
830500 
829000 
827500 
826000 
824500 
823000 
821500 
820000 
818500 
817000 
815500 
814000 
812500 
811000 
809500 
808000 
806500 
805000 
803500 
802000 
800500 
799000 
797500 
796000 
794500 
793000 
791500 
790000 
788500 
787000 
785500 
784000 
782500 
781000 
779500 
778000 
776500 
775000 
773500 
772000 
770500 
769000 
767500 
766000 
764500 
763000 
761500 
760000 
758500 
757000 
755500 
754000 
752500 
751000 
749500 
748000 
746500 
745000 
743500 
742000 
740500 
739000 
737500 
736000 
734500 
733000 
731500 
730000 
728500 
727000 
725500 
724000 
722500 
721000 
719500 
718000 
716500 
715000 
713500 
712000 
710500 
709000 
707500 
706000 
704500 
703000 
701500 
700000 
698500 
697000 
695500 
694000 
692500 
691000 
689500 
688000 
686500 
685000 
683500 
682000 
680500 
679000 
677500 
676000 
674500 
673000 
671500 
670000 
668500 
667000 
665500 
664000 
662500 
661000 
659500 
658000 
656500 
655000 
653500 
652000 
650500 
649000 
647500 
646000 
644500 
643000 
641500 
640000 
638500 
637000 
635500 
634000 
632500 
631000 
629500 
628000 
626500 
625000 
623500 
622000 
620500 
619000 
617500 
616000 
614500 
613000 
611500 
610000 
608500 
607000 
605500 
604000 
602500 
601000 
599500 
598000 
596500 
595000 
593500 
592000 
590500 
589000 
587500 
586000 
584500 
583000 
581500 
580000 
578500 
577000 
575500 
574000 
572500 
571000 
569500 
568000 
566500 
565000 
563500 
562000 
560500 
559000 
557500 
556000 
554500 
553000 
551500 
550000 
548500 
547000 
545500 
544000 
542500 
541000 
539500 
538000 
536500 
535000 
533500 
532000 
530500 
529000 
527500 
526000 
524500 
523000 
521500 
520000 
518500 
517000 
515500 
514000 
512500 
511000 
509500 
508000 
506500 
505000 
503500 
502000 
500500 
499000 
497500 
496000 
494500 
493000 
491500 
490000 
488500 
487000 
485500 
484000 
482500 
481000 
479500 
478000 
476500 
475000 
473500 
472000 
470500 
469000 
467500 
466000 
464500 
463000 
461500 
460000 
458500 
457000 
455500 
454000 
452500 
451000 
449500 
448000 
446500 
445000 
443500 
442000 
440500 
439000 
437500 
436000 
434500 
433000 
431500 
430000 
428500 
427000 
425500 
424000 
422500 
421000 
419500 
418000 
416500 
415000 
413500 
412000 
410500 
409000 
407500 
406000 
404500 
403000 
401500 
400000 
398500 
397000 
395500 
394000 
392500 
391000 
389500 
388000 
386500 
385000 
383500 
382000 
380500 
379000 
377500 
376000 
374500 
373000 
371500 
370000 
368500 
367000 
365500 
364000 
362500 
361000 
359500 
358000 
356500 
355000 
353500 
352000 
350500 
349000 
347500 
346000 
344500 
343000 
341500 
340000 
338500 
337000 
335500 
334000 
332500 
331000 
329500 
328000 
326500 
325000 
323500 
322000 
320500 
319000 
317500 
316000 
314500 
313000 
311500 
310000 
308500 
307000 
305500 
304000 
302500 
301000 
299500 
298000 
296500 
295000 
293500 
292000 
290500 
289000 
287500 
286000 
284500 
283000 
281500 
280000 
278500 
277000 
275500 
274000 
272500 
271000 
269500 
268000 
266500 
265000 
263500 
262000 
260500 
259000 
257500 
256000 
254500 
253000 
251500 
250000 
248500 
247000 
245500 
244000 
242500 
241000 
239500 
238000 
236500 
235000 
233500 
232000 
230500 
229000 
227500 
226000 
224500 
223000 
221500 
220000 
218500 
217000 
215500 
214000 
212500 
211000 
209500 
208000 
206500 
205000 
203500 
202000 
200500 
199000 
197500 
196000 
194500 
193000 
191500 
190000 
188500 
187000 
185500 
184000 
182500 
181000 
179500 
178000 
176500 
175000 
173500 
172000 
170500 
169000 
167500 
166000 
164500 
163000 
161500 
160000 
158500 
157000 
155500 
154000 
152500 
151000 
149500 
148000 
146500 
145000 
143500 
142000 
140500 
139000 
137500 
136000 
134500 
133000 
131500 
130000 
128500 
127000 
125500 
124000 
122500 
121000 
119500 
118000 
116500 
115000 
113500 
112000 
110500 
109000 
107500 
106000 
104500 
103000 
101500 
100000 
98500 
97000 
95500 
94000 
92500 
91000 
89500 
88000 
86500 
85000 
83500 
82000 
80500 
79000 
77500 
76000 
74500 
73000 
71500 
70000 
68500 
67000 
65500 
64000 
62500 
61000 
59500 
58000 
56500 
55000 
53500 
52000 
50500 
49000 
47500 
46000 
44500 
43000 
41500 
40000 
38500 
37000 
35500 
34000 
32500 
31000 
29500 
28000 
26500 
25000 
23500 
22000 
20500 
19000 
17500 
16000 
14500 
13000 
11500 
10000 
8500 
7000 
5500 
4000 
2500 
1000 
