1333000 
1331500 
1330000 
1328500 
1327000 
1325500 
1324000 
1322500 
1321000 
1319500 
1318000 
1316500 
1315000 
1313500 
1312000 
1310500 
1309000 
1307500 
1306000 
1304500 
1303000 
1301500 
1300000 
1298500 
1297000 
1295500 
1294000 
1292500 
1291000 
1289500 
1288000 
1286500 
1285000 
1283500 
1282000 
1280500 
1279000 
1277500 
1276000 
1274500 
1273000 
1271500 
1270000 
1268500 
1267000 
1265500 
1264000 
1262500 
1261000 
1259500 
1258000 
1256500 
1255000 
1253500 
1252000 
1250500 
1249000 
1247500 
1246000 
1244500 
1243000 
1241500 
1240000 
1238500 
1237000 
1235500 
1234000 
1232500 
1231000 
1229500 
1228000 
1226500 
1225000 
1223500 
1222000 
1220500 
1219000 
1217500 
1216000 
1214500 
1213000 
1211500 
1210000 
1208500 
1207000 
1205500 
1204000 
1202500 
1201000 
1199500 
1198000 
1196500 
1195000 
1193500 
1192000 
1190500 
1189000 
1187500 
1186000 
1184500 
1183000 
1181500 
1180000 
1178500 
1177000 
1175500 
1174000 
1172500 
1171000 
1169500 
1168000 
1166500 
1165000 
1163500 
1162000 
1160500 
1159000 
1157500 
1156000 
1154500 
1153000 
1151500 
1150000 
1148500 
1147000 
1145500 
1144000 
1142500 
1141000 
1139500 
1138000 
1136500 
1135000 
1133500 
1132000 
1130500 
1129000 
1127500 
1126000 
1124500 
1123000 
1121500 
1120000 
1118500 
1117000 
1115500 
1114000 
1112500 
1111000 
1109500 
1108000 
1106500 
1105000 
1103500 
1102000 
1100500 
1099000 
1097500 
1096000 
1094500 
1093000 
1091500 
1090000 
1088500 
1087000 
1085500 
1084000 
1082500 
1081000 
1079500 
1078000 
1076500 
1075000 
1073500 
1072000 
1070500 
1069000 
1067500 
1066000 
1064500 
1063000 
1061500 
1060000 
1058500 
1057000 
1055500 
1054000 
1052500 
1051000 
1049500 
1048000 
1046500 
1045000 
1043500 
1042000 
1040500 
1039000 
1037500 
1036000 
1034500 
1033000 
1031500 
1030000 
1028500 
1027000 
1025500 
1024000 
1022500 
1021000 
1019500 
1018000 
1016500 
1015000 
1013500 
1012000 
1010500 
1009000 
1007500 
1006000 
1004500 
1003000 
1001500 
1000000 
998500 
997000 
995500 
994000 
992500 
991000 
989500 
988000 
986500 
985000 
983500 
982000 
980500 
979000 
977500 
976000 
974500 
973000 
971500 
970000 
968500 
967000 
965500 
964000 
962500 
961000 
959500 
958000 
956500 
955000 
953500 
952000 
950500 
949000 
947500 
946000 
944500 
943000 
941500 
940000 
938500 
937000 
935500 
934000 
932500 
931000 
929500 
928000 
926500 
925000 
923500 
922000 
920500 
919000 
917500 
916000 
914500 
913000 
911500 
910000 
908500 
907000 
905500 
904000 
902500 
901000 
899500 
898000 
896500 
895000 
893500 
892000 
890500 
889000 
887500 
886000 
884500 
883000 
881500 
880000 
878500 
877000 
875500 
874000 
872500 
871000 
869500 
868000 
866500 
865000 
863500 
862000 
860500 
859000 
857500 
856000 
854500 
853000 
851500 
850000 
848500 
847000 
845500 
844000 
842500 
841000 
839500 
838000 
836500 
835000 
833500 
832000 
830500 
829000 
827500 
826000 
824500 
823000 
821500 
820000 
818500 
817000 
815500 
814000 
812500 
811000 
809500 
808000 
806500 
805000 
803500 
802000 
800500 
799000 
797500 
796000 
794500 
793000 
791500 
790000 
788500 
787000 
785500 
784000 
782500 
781000 
779500 
778000 
776500 
775000 
773500 
772000 
770500 
769000 
767500 
766000 
764500 
763000 
761500 
760000 
758500 
757000 
755500 
754000 
752500 
751000 
749500 
748000 
746500 
745000 
743500 
742000 
740500 
739000 
737500 
736000 
734500 
733000 
731500 
730000 
728500 
727000 
725500 
724000 
722500 
721000 
719500 
718000 
716500 
715000 
713500 
712000 
710500 
709000 
707500 
706000 
704500 
703000 
701500 
700000 
698500 
697000 
695500 
694000 
692500 
691000 
689500 
688000 
686500 
685000 
683500 
682000 
680500 
679000 
677500 
676000 
674500 
673000 
671500 
670000 
668500 
667000 
665500 
664000 
662500 
661000 
659500 
658000 
656500 
655000 
653500 
652000 
650500 
649000 
647500 
646000 
644500 
643000 
641500 
640000 
638500 
637000 
635500 
634000 
632500 
631000 
629500 
628000 
626500 
625000 
623500 
622000 
620500 
619000 
617500 
616000 
614500 
613000 
611500 
610000 
608500 
607000 
605500 
604000 
602500 
601000 
599500 
598000 
596500 
595000 
593500 
592000 
590500 
589000 
587500 
586000 
584500 
583000 
581500 
580000 
578500 
577000 
575500 
574000 
572500 
571000 
569500 
568000 
566500 
565000 
563500 
562000 
560500 
559000 
557500 
556000 
554500 
553000 
551500 
550000 
548500 
547000 
545500 
544000 
542500 
541000 
539500 
538000 
536500 
535000 
533500 
532000 
530500 
529000 
527500 
526000 
524500 
523000 
521500 
520000 
518500 
517000 
515500 
514000 
512500 
511000 
509500 
508000 
506500 
505000 
503500 
502000 
500500 
499000 
497500 
496000 
494500 
493000 
491500 
490000 
488500 
487000 
485500 
484000 
482500 
481000 
479500 
478000 
476500 
475000 
473500 
472000 
470500 
469000 
467500 
466000 
464500 
463000 
461500 
460000 
458500 
457000 
455500 
454000 
452500 
451000 
449500 
448000 
446500 
445000 
443500 
442000 
440500 
439000 
437500 
436000 
434500 
433000 
431500 
430000 
428500 
427000 
425500 
424000 
422500 
421000 
419500 
418000 
416500 
415000 
413500 
412000 
410500 
409000 
407500 
406000 
404500 
403000 
401500 
400000 
398500 
397000 
395500 
394000 
392500 
391000 
389500 
388000 
386500 
385000 
383500 
382000 
380500 
379000 
377500 
376000 
374500 
373000 
371500 
370000 
368500 
367000 
365500 
364000 
362500 
361000 
359500 
358000 
356500 
355000 
353500 
352000 
350500 
349000 
347500 
346000 
344500 
343000 
341500 
340000 
338500 
337000 
335500 
334000 
332500 
331000 
329500 
328000 
326500 
325000 
323500 
322000 
320500 
319000 
317500 
316000 
314500 
313000 
311500 
310000 
308500 
307000 
305500 
304000 
302500 
301000 
299500 
298000 
296500 
295000 
293500 
292000 
290500 
289000 
287500 
286000 
284500 
283000 
281500 
280000 
278500 
277000 
275500 
274000 
272500 
271000 
269500 
268000 
266500 
265000 
263500 
262000 
260500 
259000 
257500 
256000 
254500 
253000 
251500 
250000 
248500 
247000 
245500 
244000 
242500 
241000 
239500 
238000 
236500 
235000 
233500 
232000 
230500 
229000 
227500 
226000 
224500 
223000 
221500 
220000 
218500 
217000 
215500 
214000 
212500 
211000 
209500 
208000 
206500 
205000 
203500 
202000 
200500 
199000 
197500 
196000 
194500 
193000 
191500 
190000 
188500 
187000 
185500 
184000 
182500 
181000 
179500 
178000 
176500 
175000 
173500 
172000 
170500 
169000 
167500 
166000 
164500 
163000 
161500 
160000 
158500 
157000 
155500 
154000 
152500 
151000 
149500 
148000 
146500 
145000 
143500 
142000 
140500 
139000 
137500 
136000 
134500 
133000 
131500 
130000 
128500 
127000 
125500 
124000 
122500 
121000 
119500 
118000 
116500 
115000 
113500 
112000 
110500 
109000 
107500 
106000 
104500 
103000 
101500 
100000 
98500 
97000 
95500 
94000 
92500 
91000 
89500 
88000 
86500 
85000 
83500 
82000 
80500 
79000 
77500 
76000 
74500 
73000 
71500 
70000 
68500 
67000 
65500 
64000 
62500 
61000 
59500 
58000 
56500 
55000 
53500 
52000 
50500 
49000 
47500 
46000 
44500 
43000 
41500 
40000 
38500 
37000 
35500 
34000 
32500 
31000 
29500 
28000 
26500 
25000 
23500 
22000 
20500 
19000 
17500 
16000 
14500 
13000 
11500 
10000 
8500 
7000 
5500 
4000 
2500 
1000 
